1989.68 0.000465
1990.02 0.003224
1990.36 0.003265
1990.7 0.003309
1991.04 0.003365
1991.38 0.003422
1991.72 0.003479
1992.06 0.003537
1992.41 0.003594
1992.75 0.003652
1993.09 0.00371
1993.43 0.003768
1993.77 0.003826
1994.11 0.003885
1994.45 0.003944
1994.79 0.004003
1995.13 0.004062
1995.48 0.004121
1995.82 0.004181
1996.16 0.004241
1996.5 0.004301
1996.84 0.004361
1997.18 0.004422
1997.53 0.004483
1997.87 0.004543
1998.21 0.004605
1998.55 0.004666
1998.89 0.004728
1999.23 0.004789
1999.58 0.004851
1999.92 0.004914
2000.26 0.004971
2000.6 0.005027
2000.94 0.005103
2001.29 0.005181
2001.63 0.00526
2001.97 0.005339
2002.31 0.005417
2002.66 0.005496
2003.0 0.005575
2003.34 0.005655
2003.69 0.005734
2004.03 0.005813
2004.37 0.005893
2004.71 0.005972
2005.06 0.006052
2005.4 0.006132
2005.74 0.006211
2006.09 0.006291
2006.43 0.006371
2006.77 0.006452
2007.12 0.006532
2007.46 0.006612
2007.8 0.006693
2008.15 0.006773
2008.49 0.006854
2008.83 0.006935
2009.18 0.007016
2009.52 0.007097
2009.87 0.007178
2010.21 0.007259
2010.55 0.00734
2010.9 0.007441
2011.24 0.007551
2011.59 0.00766
2011.93 0.00777
2012.27 0.007879
2012.62 0.007989
2012.96 0.008099
2013.31 0.008209
2013.65 0.008319
2014.0 0.00843
2014.34 0.00854
2014.69 0.008651
2015.03 0.008762
2015.38 0.008873
2015.72 0.008984
2016.06 0.009095
2016.41 0.009206
2016.75 0.009318
2017.1 0.00943
2017.44 0.009541
2017.79 0.009653
2018.14 0.009765
2018.48 0.009878
2018.83 0.00999
2019.17 0.010102
2019.52 0.010215
2019.86 0.010328
2020.21 0.010441
2020.55 0.010553
2020.9 0.010686
2021.24 0.010828
2021.59 0.010969
2021.94 0.011111
2022.28 0.011252
2022.63 0.011394
2022.97 0.011536
2023.32 0.011678
2023.67 0.011821
2024.01 0.011963
2024.36 0.012106
2024.71 0.012249
2025.05 0.012392
2025.4 0.012536
2025.74 0.012679
2026.09 0.012823
2026.44 0.012966
2026.79 0.01311
2027.13 0.013255
2027.48 0.013399
2027.82 0.013543
2028.17 0.013688
2028.52 0.013833
2028.87 0.013978
2029.21 0.014123
2029.56 0.014268
2029.91 0.014414
2030.26 0.01456
2030.6 0.014706
2030.95 0.014873
2031.3 0.015043
2031.65 0.015214
2031.99 0.015385
2032.34 0.015556
2032.69 0.015727
2033.04 0.015898
2033.38 0.01607
2033.73 0.016242
2034.08 0.016414
2034.43 0.016586
2034.78 0.016759
2035.12 0.016931
2035.47 0.017104
2035.82 0.017277
2036.17 0.017451
2036.52 0.017624
2036.86 0.017798
2037.21 0.017972
2037.56 0.018146
2037.91 0.018321
2038.26 0.018496
2038.61 0.018671
2038.96 0.018846
2039.31 0.019021
2039.66 0.019197
2040.0 0.019372
2040.35 0.019548
2040.7 0.019726
2041.05 0.019911
2041.4 0.020097
2041.75 0.020283
2042.1 0.020469
2042.45 0.020655
2042.8 0.020842
2043.15 0.021028
2043.5 0.021215
2043.85 0.021403
2044.2 0.02159
2044.55 0.021778
2044.9 0.021966
2045.25 0.022154
2045.6 0.022342
2045.95 0.022531
2046.3 0.02272
2046.65 0.022909
2047.0 0.023099
2047.35 0.023288
2047.7 0.023478
2048.05 0.023668
2048.4 0.023858
2048.75 0.024049
2049.1 0.02424
2049.45 0.024431
2049.8 0.024622
2050.15 0.024814
2050.5 0.025008
2050.85 0.025197
2051.2 0.025384
2051.55 0.02557
2051.91 0.025757
2052.26 0.025944
2052.61 0.026132
2052.96 0.02632
2053.31 0.026507
2053.66 0.026696
2054.01 0.026884
2054.36 0.027073
2054.72 0.027262
2055.07 0.027451
2055.42 0.02764
2055.77 0.02783
2056.12 0.02802
2056.47 0.02821
2056.82 0.028401
2057.18 0.028592
2057.53 0.028783
2057.88 0.028974
2058.23 0.029166
2058.58 0.029357
2058.94 0.029549
2059.29 0.029742
2059.64 0.029934
2060.0 0.030127
2060.35 0.03032
2060.7 0.030511
2061.05 0.030684
2061.41 0.030856
2061.76 0.031029
2062.11 0.031202
2062.46 0.031376
2062.82 0.031549
2063.17 0.031723
2063.52 0.031897
2063.88 0.032072
2064.23 0.032246
2064.58 0.032421
2064.93 0.032596
2065.29 0.032771
2065.64 0.032947
2065.99 0.033122
2066.35 0.033298
2066.7 0.033475
2067.05 0.033651
2067.41 0.033828
2067.76 0.034005
2068.12 0.034182
2068.47 0.034359
2068.82 0.034537
2069.18 0.034715
2069.53 0.034893
2069.89 0.035071
2070.24 0.035249
2070.59 0.035426
2070.95 0.035586
2071.3 0.035741
2071.66 0.035897
2072.01 0.036054
2072.37 0.03621
2072.72 0.036366
2073.08 0.036523
2073.43 0.03668
2073.78 0.036837
2074.14 0.036994
2074.5 0.037152
2074.85 0.03731
2075.21 0.037468
2075.56 0.037626
2075.92 0.037784
2076.27 0.037943
2076.62 0.038101
2076.98 0.03826
2077.34 0.038419
2077.69 0.038579
2078.05 0.038738
2078.4 0.038898
2078.76 0.039058
2079.11 0.039218
2079.47 0.039378
2079.82 0.039538
2080.18 0.0397
2080.54 0.039862
2080.89 0.040009
2081.25 0.040147
2081.6 0.040286
2081.96 0.040425
2082.32 0.040563
2082.67 0.040703
2083.03 0.040842
2083.39 0.040981
2083.74 0.041121
2084.1 0.041261
2084.46 0.041401
2084.81 0.041541
2085.17 0.041682
2085.53 0.041822
2085.88 0.041963
2086.24 0.042104
2086.6 0.042245
2086.95 0.042387
2087.31 0.042528
2087.67 0.04267
2088.02 0.042812
2088.38 0.042954
2088.74 0.043096
2089.1 0.043238
2089.45 0.043381
2089.81 0.043524
2090.17 0.043666
2090.53 0.043809
2090.89 0.043942
2091.24 0.044068
2091.6 0.044195
2091.96 0.044322
2092.32 0.044448
2092.67 0.044575
2093.03 0.044703
2093.39 0.04483
2093.75 0.044957
2094.11 0.045085
2094.47 0.045213
2094.82 0.045341
2095.18 0.045469
2095.54 0.045597
2095.9 0.045726
2096.26 0.045854
2096.62 0.045983
2096.98 0.046112
2097.33 0.046241
2097.69 0.04637
2098.05 0.0465
2098.41 0.046629
2098.77 0.046759
2099.13 0.046889
2099.49 0.047019
2099.85 0.047149
2100.21 0.047295
2100.56 0.047453
2100.93 0.047605
2101.28 0.047755
2101.64 0.047905
2102.0 0.048055
2102.36 0.048206
2102.72 0.048357
2103.08 0.048508
2103.44 0.048659
2103.8 0.048811
2104.16 0.048963
2104.52 0.049116
2104.88 0.049268
2105.24 0.049421
2105.6 0.049575
2105.96 0.049728
2106.32 0.049882
2106.68 0.050036
2107.04 0.050191
2107.4 0.050346
2107.76 0.050501
2108.12 0.050656
2108.49 0.050812
2108.85 0.050968
2109.21 0.051124
2109.57 0.05128
2109.93 0.051437
2110.29 0.051594
2110.65 0.051752
2111.01 0.051901
2111.37 0.052049
2111.74 0.052199
2112.1 0.052348
2112.46 0.052498
2112.82 0.052648
2113.18 0.052798
2113.54 0.052949
2113.9 0.053099
2114.27 0.05325
2114.63 0.053402
2114.99 0.053554
2115.35 0.053706
2115.71 0.053858
2116.07 0.05401
2116.44 0.054163
2116.8 0.054316
2117.16 0.05447
2117.52 0.054623
2117.89 0.054777
2118.25 0.054932
2118.61 0.055086
2118.97 0.055241
2119.33 0.055396
2119.7 0.055552
2120.06 0.055707
2120.42 0.055861
2120.79 0.056013
2121.15 0.056162
2121.51 0.056312
2121.88 0.056461
2122.24 0.056611
2122.6 0.056762
2122.96 0.056912
2123.33 0.057063
2123.69 0.057214
2124.05 0.057365
2124.42 0.057517
2124.78 0.057669
2125.15 0.057821
2125.51 0.057973
2125.87 0.058126
2126.24 0.058279
2126.6 0.058432
2126.96 0.058586
2127.33 0.058739
2127.69 0.058893
2128.05 0.059048
2128.42 0.059202
2128.78 0.059357
2129.15 0.059512
2129.51 0.059668
2129.88 0.059823
2130.24 0.05998
2130.6 0.060138
2130.97 0.060291
2131.33 0.060443
2131.7 0.060595
2132.06 0.060747
2132.43 0.060899
2132.79 0.061052
2133.16 0.061205
2133.52 0.061358
2133.89 0.061512
2134.25 0.061666
2134.62 0.06182
2134.98 0.061974
2135.35 0.062129
2135.71 0.062284
2136.08 0.062439
2136.45 0.062595
2136.81 0.06275
2137.18 0.062907
2137.54 0.063063
2137.91 0.063219
2138.27 0.063376
2138.64 0.063533
2139.0 0.063691
2139.37 0.063849
2139.74 0.064006
2140.1 0.064165
2140.47 0.064323
2140.84 0.064476
2141.2 0.064623
2141.57 0.06477
2141.94 0.064917
2142.3 0.065065
2142.67 0.065213
2143.03 0.065361
2143.4 0.065509
2143.77 0.065657
2144.14 0.065806
2144.5 0.065955
2144.87 0.066105
2145.24 0.066254
2145.6 0.066404
2145.97 0.066554
2146.34 0.066705
2146.7 0.066855
2147.07 0.067006
2147.44 0.067157
2147.81 0.067308
2148.17 0.06746
2148.54 0.067612
2148.91 0.067764
2149.28 0.067916
2149.64 0.068069
2150.01 0.068222
2150.38 0.068375
2150.75 0.068525
2151.11 0.068664
2151.48 0.068804
2151.85 0.068944
2152.22 0.069084
2152.59 0.069224
2152.96 0.069364
2153.32 0.069505
2153.69 0.069646
2154.06 0.069787
2154.43 0.069929
2154.8 0.07007
2155.17 0.070212
2155.54 0.070354
2155.91 0.070497
2156.27 0.070639
2156.64 0.070782
2157.01 0.070925
2157.38 0.071068
2157.75 0.071212
2158.12 0.071355
2158.49 0.071499
2158.86 0.071643
2159.23 0.071788
2159.6 0.071932
2159.97 0.072077
2160.33 0.072219
2160.71 0.07236
2161.07 0.072487
2161.45 0.072613
2161.81 0.07274
2162.18 0.072867
2162.55 0.072994
2162.92 0.073122
2163.29 0.073249
2163.67 0.073377
2164.03 0.073505
2164.41 0.073633
2164.77 0.073761
2165.15 0.073889
2165.52 0.074018
2165.89 0.074147
2166.26 0.074276
2166.63 0.074405
2167.0 0.074534
2167.37 0.074664
2167.74 0.074793
2168.11 0.074923
2168.48 0.075053
2168.85 0.075184
2169.22 0.075314
2169.59 0.075445
2169.97 0.075576
2170.34 0.075709
2170.71 0.07584
2171.08 0.075956
2171.45 0.076072
2171.82 0.076188
2172.2 0.076304
2172.57 0.07642
2172.94 0.076536
2173.31 0.076653
2173.68 0.07677
2174.05 0.076886
2174.43 0.077003
2174.8 0.07712
2175.17 0.077238
2175.54 0.077355
2175.91 0.077473
2176.29 0.077591
2176.66 0.077708
2177.03 0.077826
2177.4 0.077945
2177.78 0.078063
2178.15 0.078182
2178.52 0.0783
2178.89 0.078419
2179.27 0.078538
2179.64 0.078657
2180.01 0.078776
2180.39 0.078895
2180.76 0.07901
2181.13 0.079108
2181.5 0.079207
2181.88 0.079306
2182.25 0.079405
2182.62 0.079504
2183.0 0.079603
2183.37 0.079702
2183.75 0.079801
2184.12 0.0799
2184.49 0.08
2184.87 0.080099
2185.24 0.080199
2185.61 0.080299
2185.99 0.080399
2186.36 0.080499
2186.74 0.080599
2187.11 0.080699
2187.49 0.0808
2187.86 0.0809
2188.23 0.081
2188.61 0.081101
2188.98 0.081202
2189.36 0.081303
2189.73 0.081404
2190.11 0.081505
2190.48 0.081605
2190.85 0.0817
2191.23 0.081788
2191.6 0.081876
2191.98 0.081965
2192.35 0.082053
2192.73 0.082142
2193.1 0.08223
2193.48 0.082319
2193.86 0.082408
2194.23 0.082496
2194.61 0.082585
2194.98 0.082674
2195.36 0.082763
2195.73 0.082852
2196.11 0.082942
2196.49 0.083031
2196.86 0.08312
2197.24 0.08321
2197.61 0.083299
2197.99 0.083389
2198.36 0.083479
2198.74 0.083568
2199.12 0.083658
2199.49 0.083748
2199.87 0.083838
2200.25 0.083921
2200.62 0.083999
2201.0 0.084068
2201.38 0.084135
2201.75 0.084202
2202.13 0.084269
2202.51 0.084336
2202.88 0.084403
2203.26 0.08447
2203.64 0.084537
2204.01 0.084604
2204.39 0.084671
2204.77 0.084738
2205.15 0.084805
2205.52 0.084873
2205.9 0.08494
2206.28 0.085007
2206.65 0.085075
2207.03 0.085142
2207.41 0.08521
2207.79 0.085277
2208.17 0.085345
2208.54 0.085412
2208.92 0.08548
2209.3 0.085548
2209.68 0.085615
2210.05 0.085684
2210.43 0.085754
2210.81 0.08582
2211.19 0.08588
2211.57 0.08594
2211.95 0.086
2212.32 0.08606
2212.7 0.08612
2213.08 0.08618
2213.46 0.08624
2213.84 0.0863
2214.22 0.08636
2214.6 0.08642
2214.98 0.08648
2215.35 0.08654
2215.73 0.0866
2216.11 0.08666
2216.49 0.08672
2216.87 0.08678
2217.25 0.086841
2217.63 0.086901
2218.01 0.086961
2218.39 0.087021
2218.77 0.087082
2219.15 0.087142
2219.53 0.087202
2219.91 0.087263
2220.29 0.087322
2220.67 0.087382
2221.05 0.087436
2221.43 0.08749
2221.81 0.087544
2222.19 0.087597
2222.57 0.087651
2222.95 0.087705
2223.33 0.087759
2223.71 0.087812
2224.09 0.087866
2224.47 0.08792
2224.85 0.087974
2225.23 0.088028
2225.61 0.088082
2225.99 0.088135
2226.37 0.088189
2226.75 0.088243
2227.14 0.088297
2227.52 0.088351
2227.9 0.088405
2228.28 0.088459
2228.66 0.088513
2229.04 0.088567
2229.42 0.08862
2229.8 0.088674
2230.19 0.088719
2230.57 0.088755
2230.95 0.08879
2231.33 0.088827
2231.71 0.088863
2232.09 0.088899
2232.48 0.088935
2232.86 0.088972
2233.24 0.089008
2233.62 0.089044
2234.0 0.08908
2234.39 0.089117
2234.77 0.089153
2235.15 0.089189
2235.53 0.089225
2235.92 0.089261
2236.3 0.089297
2236.68 0.089334
2237.06 0.08937
2237.45 0.089406
2237.83 0.089442
2238.21 0.089478
2238.59 0.089514
2238.98 0.08955
2239.36 0.089586
2239.74 0.089622
2240.13 0.089657
2240.51 0.089689
2240.89 0.089721
2241.28 0.089755
2241.66 0.089788
2242.04 0.089822
2242.43 0.089855
2242.81 0.089888
2243.2 0.089922
2243.58 0.089955
2243.96 0.089989
2244.35 0.090022
2244.73 0.090055
2245.11 0.090089
2245.5 0.090122
2245.88 0.090155
2246.27 0.090188
2246.65 0.090222
2247.04 0.090255
2247.42 0.090288
2247.8 0.090322
2248.19 0.090355
2248.57 0.090388
2248.96 0.090421
2249.34 0.090454
2249.73 0.090488
2250.11 0.090521
2250.5 0.090557
2250.88 0.090594
2251.27 0.090632
2251.65 0.09067
2252.04 0.090709
2252.42 0.090747
2252.81 0.090786
2253.2 0.090824
2253.58 0.090862
2253.97 0.090901
2254.35 0.090939
2254.74 0.090978
2255.12 0.091016
2255.51 0.091054
2255.9 0.091093
2256.28 0.091131
2256.67 0.091169
2257.05 0.091208
2257.44 0.091246
2257.82 0.091284
2258.21 0.091323
2258.6 0.091361
2258.99 0.091399
2259.37 0.091437
2259.76 0.091476
2260.14 0.091514
2260.53 0.091551
2260.92 0.091592
2261.3 0.091635
2261.69 0.091679
2262.08 0.091722
2262.47 0.091766
2262.85 0.09181
2263.24 0.091853
2263.63 0.091897
2264.01 0.09194
2264.4 0.091984
2264.79 0.092028
2265.18 0.092071
2265.56 0.092115
2265.95 0.092159
2266.34 0.092202
2266.73 0.092246
2267.11 0.092289
2267.5 0.092333
2267.89 0.092377
2268.28 0.09242
2268.67 0.092464
2269.05 0.092508
2269.44 0.092551
2269.83 0.092595
2270.22 0.092638
2270.61 0.092681
2271.0 0.092729
2271.39 0.092779
2271.77 0.092829
2272.16 0.092879
2272.55 0.092929
2272.94 0.092979
2273.33 0.09303
2273.72 0.09308
2274.11 0.09313
2274.5 0.09318
2274.89 0.09323
2275.27 0.09328
2275.66 0.093331
2276.05 0.093381
2276.44 0.093431
2276.83 0.093481
2277.22 0.093532
2277.61 0.093582
2278.0 0.093632
2278.39 0.093682
2278.78 0.093733
2279.17 0.093783
2279.56 0.093833
2279.95 0.093884
2280.34 0.09393
2280.73 0.093976
2281.12 0.094025
2281.51 0.094073
2281.9 0.094121
2282.29 0.09417
2282.68 0.094218
2283.07 0.094266
2283.46 0.094314
2283.85 0.094363
2284.25 0.094411
2284.64 0.09446
2285.03 0.094508
2285.42 0.094556
2285.81 0.094605
2286.2 0.094653
2286.59 0.094702
2286.98 0.09475
2287.37 0.094798
2287.76 0.094847
2288.16 0.094895
2288.55 0.094944
2288.94 0.094992
2289.33 0.095041
2289.72 0.095089
2290.11 0.095139
2290.51 0.09519
2290.9 0.095245
2291.29 0.095306
2291.68 0.095366
2292.07 0.095426
2292.47 0.095487
2292.86 0.095547
2293.25 0.095607
2293.64 0.095668
2294.04 0.095728
2294.43 0.095789
2294.82 0.095849
2295.21 0.09591
2295.61 0.095971
2296.0 0.096031
2296.39 0.096092
2296.78 0.096153
2297.18 0.096213
2297.57 0.096274
2297.96 0.096335
2298.36 0.096396
2298.75 0.096457
2299.14 0.096517
2299.54 0.096578
2299.93 0.096639
2300.32 0.096678
2300.72 0.096712
2301.11 0.096747
2301.5 0.096783
2301.9 0.096818
2302.29 0.096853
2302.69 0.096888
2303.08 0.096924
2303.47 0.096959
2303.87 0.096994
2304.26 0.097029
2304.66 0.097065
2305.05 0.0971
2305.45 0.097135
2305.84 0.097171
2306.23 0.097206
2306.63 0.097241
2307.02 0.097277
2307.42 0.097312
2307.81 0.097348
2308.21 0.097383
2308.6 0.097419
2309.0 0.097454
2309.39 0.09749
2309.79 0.097525
2310.18 0.09756
2310.58 0.097595
2310.97 0.097631
2311.37 0.097669
2311.76 0.097706
2312.16 0.097744
2312.56 0.097782
2312.95 0.097819
2313.35 0.097857
2313.74 0.097894
2314.14 0.097932
2314.53 0.097969
2314.93 0.098007
2315.33 0.098045
2315.72 0.098082
2316.12 0.09812
2316.52 0.098158
2316.91 0.098196
2317.31 0.098233
2317.71 0.098271
2318.1 0.098309
2318.5 0.098347
2318.9 0.098384
2319.29 0.098422
2319.69 0.09846
2320.08 0.098497
2320.48 0.09853
2320.88 0.098564
2321.28 0.098598
2321.67 0.098632
2322.07 0.098666
2322.47 0.0987
2322.86 0.098734
2323.26 0.098768
2323.66 0.098802
2324.06 0.098836
2324.46 0.09887
2324.85 0.098904
2325.25 0.098938
2325.65 0.098972
2326.05 0.099006
2326.45 0.09904
2326.84 0.099074
2327.24 0.099108
2327.64 0.099143
2328.04 0.099177
2328.44 0.099211
2328.83 0.099245
2329.23 0.099279
2329.63 0.099313
2330.03 0.099348
2330.43 0.099385
2330.83 0.099422
2331.23 0.099459
2331.62 0.099496
2332.02 0.099533
2332.42 0.099569
2332.82 0.099606
2333.22 0.099643
2333.62 0.09968
2334.02 0.099717
2334.42 0.099754
2334.82 0.099791
2335.22 0.099828
2335.62 0.099865
2336.02 0.099902
2336.42 0.099939
2336.82 0.099976
2337.22 0.100013
2337.61 0.10005
2338.01 0.100087
2338.42 0.100124
2338.82 0.100161
2339.22 0.100198
2339.62 0.100235
2340.02 0.100272
2340.42 0.100309
2340.82 0.100344
2341.22 0.100378
2341.62 0.100412
2342.02 0.100445
2342.42 0.100479
2342.82 0.100512
2343.22 0.100546
2343.62 0.10058
2344.02 0.100613
2344.42 0.100647
2344.82 0.100681
2345.23 0.100714
2345.63 0.100748
2346.03 0.100782
2346.43 0.100816
2346.83 0.100849
2347.23 0.100883
2347.64 0.100917
2348.04 0.100951
2348.44 0.100985
2348.84 0.101018
2349.24 0.101052
2349.64 0.101086
2350.05 0.10112
2350.45 0.101153
2350.85 0.101184
2351.25 0.101211
2351.66 0.101238
2352.06 0.101264
2352.46 0.101291
2352.86 0.101318
2353.26 0.101344
2353.67 0.101371
2354.07 0.101398
2354.47 0.101424
2354.88 0.101451
2355.28 0.101478
2355.68 0.101504
2356.08 0.101531
2356.49 0.101558
2356.89 0.101585
2357.29 0.101611
2357.7 0.101638
2358.1 0.101665
2358.5 0.101692
2358.91 0.101719
2359.31 0.101745
2359.72 0.101772
2360.12 0.101798
2360.52 0.10182
2360.93 0.101839
2361.33 0.101855
2361.73 0.101871
2362.14 0.101887
2362.54 0.101903
2362.95 0.101919
2363.35 0.101935
2363.75 0.101951
2364.16 0.101968
2364.56 0.101984
2364.97 0.102
2365.37 0.102016
2365.78 0.102032
2366.18 0.102048
2366.59 0.102064
2366.99 0.10208
2367.4 0.102096
2367.8 0.102112
2368.21 0.102128
2368.61 0.102144
2369.02 0.10216
2369.42 0.102176
2369.83 0.102192
2370.23 0.10221
2370.64 0.102229
2371.05 0.102243
2371.45 0.102254
2371.86 0.102266
2372.26 0.102278
2372.67 0.10229
2373.07 0.102302
2373.48 0.102314
2373.89 0.102325
2374.29 0.102337
2374.7 0.102349
2375.1 0.102361
2375.51 0.102373
2375.92 0.102385
2376.32 0.102396
2376.73 0.102408
2377.14 0.10242
2377.54 0.102432
2377.95 0.102443
2378.36 0.102455
2378.76 0.102467
2379.17 0.102479
2379.58 0.10249
2379.99 0.102502
2380.39 0.102513
2380.8 0.102523
2381.21 0.102526
2381.62 0.102529
2382.02 0.102533
2382.43 0.102536
2382.84 0.102539
2383.25 0.102542
2383.65 0.102545
2384.06 0.102548
2384.47 0.102552
2384.88 0.102555
2385.29 0.102558
2385.69 0.102561
2386.1 0.102564
2386.51 0.102567
2386.92 0.10257
2387.33 0.102573
2387.74 0.102576
2388.14 0.102579
2388.55 0.102582
2388.96 0.102585
2389.37 0.102588
2389.78 0.102591
2390.19 0.102592
2390.6 0.102591
2391.0 0.102583
2391.42 0.102571
2391.82 0.10256
2392.23 0.102549
2392.64 0.102538
2393.05 0.102527
2393.46 0.102515
2393.87 0.102504
2394.28 0.102493
2394.69 0.102481
2395.1 0.10247
2395.51 0.102459
2395.92 0.102447
2396.33 0.102436
2396.74 0.102425
2397.15 0.102413
2397.56 0.102402
2397.97 0.10239
2398.38 0.102379
2398.79 0.102367
2399.2 0.102356
2399.61 0.102344
2400.02 0.10233
2400.43 0.102263
2400.84 0.102194
2401.25 0.102118
2401.67 0.102043
2402.07 0.101967
2402.49 0.101891
2402.9 0.101816
2403.31 0.10174
2403.72 0.101665
2404.13 0.101589
2404.54 0.101514
2404.95 0.101438
2405.36 0.101362
2405.78 0.101287
2406.19 0.101211
2406.6 0.101136
2407.01 0.10106
2407.42 0.100985
2407.83 0.100909
2408.25 0.100833
2408.66 0.100758
2409.07 0.100682
2409.48 0.100607
2409.9 0.100531
2410.31 0.100455
2410.72 0.100379
2411.13 0.100294
2411.55 0.100208
2411.96 0.100121
2412.37 0.100035
2412.78 0.099949
2413.2 0.099863
2413.61 0.099777
2414.02 0.099691
2414.44 0.099605
2414.85 0.099519
2415.26 0.099433
2415.68 0.099347
2416.09 0.099261
2416.5 0.099175
2416.92 0.099088
2417.33 0.099002
2417.74 0.098916
2418.16 0.09883
2418.57 0.098744
2418.98 0.098658
2419.4 0.098572
2419.81 0.098486
2420.23 0.0984
2420.64 0.098314
2421.05 0.098223
2421.47 0.09813
2421.88 0.098038
2422.3 0.097945
2422.71 0.097853
2423.12 0.09776
2423.54 0.097667
2423.96 0.097575
2424.37 0.097482
2424.78 0.09739
2425.2 0.097297
2425.61 0.097205
2426.03 0.097112
2426.44 0.09702
2426.86 0.096927
2427.27 0.096835
2427.69 0.096742
2428.1 0.09665
2428.52 0.096558
2428.94 0.096465
2429.35 0.096373
2429.77 0.09628
2430.18 0.096184
2430.6 0.096082
2431.01 0.095973
2431.43 0.09586
2431.85 0.095747
2432.26 0.095635
2432.68 0.095522
2433.09 0.09541
2433.51 0.095297
2433.93 0.095184
2434.34 0.095072
2434.76 0.09496
2435.18 0.094847
2435.59 0.094735
2436.01 0.094623
2436.43 0.09451
2436.84 0.094398
2437.26 0.094286
2437.68 0.094174
2438.09 0.094061
2438.51 0.093949
2438.93 0.093837
2439.35 0.093725
2439.76 0.093613
2440.18 0.093503
2440.6 0.093394
2441.02 0.093283
2441.43 0.093171
2441.85 0.093059
2442.27 0.092947
2442.69 0.092835
2443.11 0.092723
2443.52 0.092611
2443.94 0.092499
2444.36 0.092387
2444.78 0.092275
2445.2 0.092163
2445.61 0.092051
2446.03 0.091939
2446.45 0.091827
2446.87 0.091715
2447.29 0.091604
2447.71 0.091492
2448.13 0.09138
2448.54 0.091269
2448.96 0.091157
2449.38 0.091045
2449.8 0.090934
2450.22 0.090822
2450.64 0.09071
2451.06 0.090594
2451.48 0.090475
2451.9 0.090356
2452.32 0.090238
2452.74 0.090119
2453.16 0.090001
2453.58 0.089882
2454.0 0.089764
2454.42 0.089645
2454.84 0.089527
2455.26 0.089409
2455.68 0.08929
2456.1 0.089172
2456.52 0.089054
2456.94 0.088936
2457.36 0.088817
2457.78 0.088699
2458.2 0.088581
2458.62 0.088463
2459.04 0.088345
2459.46 0.088227
2459.88 0.088109
2460.3 0.087989
2460.72 0.087868
2461.15 0.08774
2461.56 0.087612
2461.99 0.087483
2462.41 0.087355
2462.83 0.087227
2463.25 0.087099
2463.67 0.086971
2464.09 0.086844
2464.51 0.086716
2464.94 0.086588
2465.36 0.08646
2465.78 0.086333
2466.2 0.086205
2466.62 0.086077
2467.05 0.08595
2467.47 0.085822
2467.89 0.085695
2468.31 0.085568
2468.74 0.08544
2469.16 0.085313
2469.58 0.085186
2470.0 0.085059
2470.43 0.084935
2470.85 0.08481
2471.27 0.084682
2471.69 0.084554
2472.12 0.084426
2472.54 0.084298
2472.96 0.08417
2473.39 0.084042
2473.81 0.083914
2474.23 0.083786
2474.66 0.083658
2475.08 0.083531
2475.5 0.083403
2475.93 0.083275
2476.35 0.083148
2476.77 0.08302
2477.2 0.082892
2477.62 0.082765
2478.04 0.082638
2478.47 0.08251
2478.89 0.082383
2479.32 0.082256
2479.74 0.082128
2480.17 0.082001
2480.59 0.081874
2481.01 0.081745
2481.44 0.081615
2481.86 0.081485
2482.29 0.081355
2482.71 0.081225
2483.14 0.081095
2483.56 0.080965
2483.99 0.080835
2484.41 0.080705
2484.84 0.080575
2485.26 0.080446
2485.69 0.080316
2486.11 0.080186
2486.54 0.080057
2486.96 0.079927
2487.39 0.079798
2487.81 0.079668
2488.24 0.079539
2488.67 0.07941
2489.09 0.07928
2489.52 0.079151
2489.94 0.079022
2490.37 0.07889
2490.79 0.078758
2491.22 0.078621
2491.65 0.078485
2492.07 0.078349
2492.5 0.078212
2492.93 0.078076
2493.35 0.07794
2493.78 0.077804
2494.21 0.077668
2494.63 0.077532
2495.06 0.077396
2495.49 0.07726
2495.91 0.077125
2496.34 0.076989
2496.77 0.076853
2497.2 0.076718
2497.62 0.076582
2498.05 0.076447
2498.48 0.076312
2498.91 0.076176
2499.33 0.076041
2499.76 0.075906
2500.19 0.075769
2500.61 0.075629
2501.04 0.075488
2501.47 0.075345
2501.9 0.075203
2502.33 0.07506
2502.75 0.074918
2503.18 0.074776
2503.61 0.074633
2504.04 0.074491
2504.47 0.074349
2504.9 0.074207
2505.33 0.074065
2505.75 0.073924
2506.18 0.073782
2506.61 0.07364
2507.04 0.073499
2507.47 0.073357
2507.9 0.073216
2508.33 0.073074
2508.76 0.072933
2509.19 0.072792
2509.61 0.072651
2510.04 0.07251
2510.47 0.072369
2510.9 0.072227
2511.33 0.072083
2511.76 0.071939
2512.19 0.071795
2512.62 0.071651
2513.05 0.071507
2513.48 0.071363
2513.91 0.07122
2514.34 0.071076
2514.77 0.070933
2515.2 0.070789
2515.63 0.070646
2516.06 0.070503
2516.49 0.07036
2516.93 0.070217
2517.36 0.070073
2517.79 0.069931
2518.22 0.069788
2518.65 0.069645
2519.08 0.069502
2519.51 0.06936
2519.94 0.069217
2520.37 0.069073
2520.8 0.068927
2521.24 0.068778
2521.67 0.068629
2522.1 0.068481
2522.53 0.068332
2522.96 0.068183
2523.39 0.068035
2523.82 0.067887
2524.26 0.067738
2524.69 0.06759
2525.12 0.067442
2525.55 0.067294
2525.98 0.067146
2526.42 0.066999
2526.85 0.066851
2527.28 0.066703
2527.71 0.066556
2528.15 0.066408
2528.58 0.066261
2529.01 0.066114
2529.44 0.065967
2529.88 0.06582
2530.31 0.065675
2530.74 0.065531
2531.18 0.065384
2531.61 0.065236
2532.04 0.065089
2532.47 0.064942
2532.91 0.064795
2533.34 0.064648
2533.77 0.064501
2534.21 0.064354
2534.64 0.064208
2535.07 0.064061
2535.51 0.063915
2535.94 0.063768
2536.38 0.063622
2536.81 0.063476
2537.25 0.06333
2537.68 0.063184
2538.11 0.063038
2538.55 0.062892
2538.98 0.062746
2539.42 0.062601
2539.85 0.062455
2540.28 0.062309
2540.72 0.062164
2541.15 0.062017
2541.59 0.06187
2542.02 0.061723
2542.46 0.061576
2542.89 0.061429
2543.33 0.061282
2543.76 0.061136
2544.2 0.060989
2544.64 0.060843
2545.07 0.060696
2545.5 0.06055
2545.94 0.060404
2546.38 0.060258
2546.81 0.060112
2547.25 0.059966
2547.68 0.05982
2548.12 0.059674
2548.56 0.059528
2548.99 0.059383
2549.43 0.059237
2549.86 0.059092
2550.3 0.058945
2550.74 0.058797
2551.17 0.058649
2551.61 0.058501
2552.05 0.058353
2552.48 0.058205
2552.92 0.058057
2553.36 0.057909
2553.79 0.057761
2554.23 0.057614
2554.67 0.057466
2555.1 0.057319
2555.54 0.057172
2555.98 0.057024
2556.42 0.056877
2556.85 0.05673
2557.29 0.056584
2557.73 0.056437
2558.17 0.05629
2558.6 0.056144
2559.04 0.055997
2559.48 0.055851
2559.92 0.055705
2560.35 0.05556
2560.79 0.055417
2561.23 0.055269
2561.67 0.055122
2562.11 0.054976
2562.55 0.054829
2562.99 0.054682
2563.42 0.054536
2563.86 0.054389
2564.3 0.054243
2564.74 0.054097
2565.18 0.053951
2565.62 0.053805
2566.06 0.053659
2566.5 0.053513
2566.93 0.053367
2567.37 0.053221
2567.81 0.053076
2568.25 0.05293
2568.69 0.052785
2569.13 0.05264
2569.57 0.052495
2570.01 0.052349
2570.45 0.052205
2570.89 0.05206
2571.33 0.051915
2571.77 0.051771
2572.21 0.051626
2572.65 0.051482
2573.09 0.051337
2573.53 0.051193
2573.97 0.051049
2574.41 0.050905
2574.85 0.050761
2575.29 0.050618
2575.73 0.050474
2576.17 0.05033
2576.61 0.050187
2577.05 0.050044
2577.5 0.0499
2577.94 0.049757
2578.38 0.049614
2578.82 0.049471
2579.26 0.049328
2579.7 0.049186
2580.14 0.049042
2580.58 0.048898
2581.02 0.048754
2581.47 0.04861
2581.91 0.048467
2582.35 0.048324
2582.79 0.04818
2583.23 0.048037
2583.68 0.047894
2584.12 0.047752
2584.56 0.047609
2585.0 0.047466
2585.45 0.047324
2585.89 0.047181
2586.33 0.047039
2586.77 0.046897
2587.21 0.046755
2587.66 0.046613
2588.1 0.046471
2588.54 0.046329
2588.99 0.046188
2589.43 0.046046
2589.87 0.045905
2590.31 0.045765
2590.76 0.045626
2591.2 0.045485
2591.65 0.045345
2592.09 0.045204
2592.53 0.045064
2592.98 0.044924
2593.42 0.044784
2593.86 0.044644
2594.31 0.044505
2594.75 0.044365
2595.19 0.044225
2595.64 0.044086
2596.08 0.043947
2596.53 0.043807
2596.97 0.043668
2597.42 0.043529
2597.86 0.04339
2598.3 0.043252
2598.75 0.043113
2599.19 0.042974
2599.64 0.042836
2600.08 0.042697
2600.53 0.042556
2600.97 0.042415
2601.42 0.042274
2601.86 0.042134
2602.31 0.041994
2602.75 0.041853
2603.2 0.041713
2603.64 0.041573
2604.09 0.041433
2604.53 0.041293
2604.98 0.041154
2605.43 0.041014
2605.87 0.040875
2606.32 0.040735
2606.76 0.040596
2607.21 0.040457
2607.66 0.040318
2608.1 0.040179
2608.55 0.040041
2608.99 0.039902
2609.44 0.039764
2609.89 0.039625
2610.33 0.039486
2610.78 0.039346
2611.23 0.039212
2611.67 0.039077
2612.12 0.038943
2612.57 0.038809
2613.01 0.038675
2613.46 0.038541
2613.91 0.038407
2614.36 0.038274
2614.8 0.03814
2615.25 0.038007
2615.7 0.037874
2616.15 0.03774
2616.59 0.037607
2617.04 0.037475
2617.49 0.037342
2617.94 0.037209
2618.38 0.037077
2618.83 0.036944
2619.28 0.036812
2619.73 0.03668
2620.18 0.036549
2620.62 0.036418
2621.07 0.036288
2621.52 0.036157
2621.97 0.036026
2622.42 0.035895
2622.87 0.035765
2623.32 0.035634
2623.76 0.035504
2624.21 0.035373
2624.66 0.035243
2625.11 0.035113
2625.56 0.034983
2626.01 0.034854
2626.46 0.034724
2626.91 0.034594
2627.36 0.034465
2627.81 0.034336
2628.26 0.034207
2628.71 0.034078
2629.16 0.033949
2629.61 0.03382
2630.06 0.033691
2630.51 0.033563
2630.96 0.033436
2631.41 0.03331
2631.86 0.033185
2632.31 0.033059
2632.76 0.032933
2633.21 0.032808
2633.66 0.032682
2634.11 0.032557
2634.56 0.032432
2635.01 0.032307
2635.46 0.032182
2635.91 0.032057
2636.36 0.031932
2636.81 0.031808
2637.27 0.031683
2637.72 0.031559
2638.17 0.031435
2638.62 0.03131
2639.07 0.031186
2639.52 0.031063
2639.97 0.030939
2640.43 0.030814
2640.88 0.03069
2641.33 0.030569
2641.78 0.030448
2642.23 0.030328
2642.69 0.030207
2643.14 0.030086
2643.59 0.029966
2644.04 0.029846
2644.5 0.029726
2644.95 0.029606
2645.4 0.029486
2645.85 0.029366
2646.3 0.029247
2646.76 0.029127
2647.21 0.029008
2647.66 0.028889
2648.12 0.02877
2648.57 0.028651
2649.02 0.028532
2649.48 0.028413
2649.93 0.028295
2650.38 0.028177
2650.84 0.02806
2651.29 0.027949
2651.74 0.027838
2652.2 0.027727
2652.65 0.027616
2653.1 0.027505
2653.56 0.027394
2654.01 0.027283
2654.47 0.027173
2654.92 0.027062
2655.38 0.026952
2655.83 0.026842
2656.28 0.026732
2656.74 0.026622
2657.19 0.026512
2657.65 0.026402
2658.1 0.026292
2658.56 0.026183
2659.01 0.026073
2659.47 0.025964
2659.92 0.025855
2660.38 0.025745
2660.83 0.025637
2661.29 0.025531
2661.74 0.025426
2662.2 0.02532
2662.65 0.025215
2663.11 0.02511
2663.56 0.025005
2664.02 0.0249
2664.48 0.024795
2664.93 0.02469
2665.39 0.024586
2665.84 0.024481
2666.3 0.024377
2666.76 0.024272
2667.21 0.024168
2667.67 0.024064
2668.12 0.02396
2668.58 0.023856
2669.04 0.023753
2669.5 0.023649
2669.95 0.023545
2670.41 0.023441
2670.87 0.023337
2671.32 0.023234
2671.78 0.023131
2672.24 0.023028
2672.69 0.022925
2673.15 0.022823
2673.61 0.02272
2674.07 0.022618
2674.52 0.022516
2674.98 0.022414
2675.44 0.022312
2675.9 0.02221
2676.35 0.022108
2676.81 0.022006
2677.27 0.021905
2677.73 0.021803
2678.19 0.021702
2678.65 0.021601
2679.1 0.0215
2679.56 0.021399
2680.02 0.021298
2680.48 0.021198
2680.94 0.021099
2681.4 0.021002
2681.85 0.020906
2682.31 0.020809
2682.77 0.020713
2683.23 0.020616
2683.69 0.02052
2684.15 0.020424
2684.61 0.020328
2685.07 0.020232
2685.53 0.020136
2685.99 0.020041
2686.45 0.019945
2686.91 0.019849
2687.37 0.019754
2687.83 0.019659
2688.29 0.019564
2688.75 0.019468
2689.21 0.019373
2689.67 0.019279
2690.13 0.019184
2690.59 0.019089
2691.05 0.018998
2691.51 0.018909
2691.97 0.01882
2692.43 0.018731
2692.89 0.018642
2693.35 0.018553
2693.81 0.018465
2694.27 0.018376
2694.73 0.018288
2695.19 0.0182
2695.65 0.018112
2696.11 0.018024
2696.58 0.017936
2697.04 0.017848
2697.5 0.01776
2697.96 0.017673
2698.42 0.017585
2698.89 0.017498
2699.35 0.01741
2699.81 0.017323
2700.27 0.017243
2700.73 0.017168
2701.19 0.017097
2701.66 0.017028
2702.12 0.016958
2702.58 0.016889
2703.04 0.016819
2703.51 0.01675
2703.97 0.01668
2704.43 0.01661
2704.89 0.016541
2705.36 0.016471
2705.82 0.016402
2706.28 0.016332
2706.75 0.016263
2707.21 0.016193
2707.67 0.016124
2708.14 0.016054
2708.6 0.015985
2709.06 0.015915
2709.52 0.015846
2709.99 0.015776
2710.45 0.015707
2710.92 0.015639
2711.38 0.015574
2711.84 0.015509
2712.31 0.015443
2712.77 0.015378
2713.24 0.015313
2713.7 0.015247
2714.17 0.015182
2714.63 0.015117
2715.09 0.015051
2715.56 0.014986
2716.02 0.01492
2716.49 0.014855
2716.95 0.01479
2717.42 0.014724
2717.88 0.014659
2718.35 0.014594
2718.81 0.014528
2719.28 0.014463
2719.74 0.014397
2720.21 0.014332
2720.67 0.014267
2721.14 0.014205
2721.6 0.014145
2722.07 0.014084
2722.53 0.014024
2723.0 0.013964
2723.47 0.013903
2723.93 0.013843
2724.4 0.013783
2724.86 0.013723
2725.33 0.013662
2725.8 0.013602
2726.26 0.013542
2726.73 0.013481
2727.2 0.013421
2727.66 0.013361
2728.13 0.0133
2728.6 0.01324
2729.06 0.01318
2729.53 0.013119
2730.0 0.013059
2730.47 0.012998
2730.93 0.012938
2731.4 0.012879
2731.87 0.012819
2732.33 0.01276
2732.8 0.012701
2733.27 0.012642
2733.74 0.012583
2734.21 0.012524
2734.67 0.012465
2735.14 0.012406
2735.61 0.012347
2736.08 0.012288
2736.54 0.012229
2737.01 0.01217
2737.48 0.012111
2737.95 0.012051
2738.42 0.011992
2738.89 0.011933
2739.35 0.011874
2739.82 0.011815
2740.29 0.011757
2740.76 0.011698
2741.23 0.011644
2741.7 0.011591
2742.17 0.011539
2742.64 0.011486
2743.11 0.011433
2743.58 0.01138
2744.04 0.011327
2744.51 0.011274
2744.99 0.011221
2745.45 0.011168
2745.92 0.011115
2746.39 0.011062
2746.86 0.011009
2747.33 0.010956
2747.8 0.010903
2748.27 0.01085
2748.74 0.010797
2749.21 0.010744
2749.69 0.010691
2750.16 0.010638
2750.63 0.010584
2751.1 0.01053
2751.57 0.010476
2752.04 0.010422
2752.51 0.010367
2752.98 0.010313
2753.45 0.010258
2753.92 0.010204
2754.39 0.010149
2754.86 0.010095
2755.33 0.01004
2755.81 0.009986
2756.28 0.009932
2756.75 0.009877
2757.22 0.009823
2757.69 0.009768
2758.17 0.009714
2758.64 0.00966
2759.11 0.009605
2759.58 0.009551
2760.05 0.009496
2760.53 0.009442
2761.0 0.009391
2761.47 0.009343
2761.94 0.009295
2762.42 0.009247
2762.89 0.009199
2763.36 0.009151
2763.83 0.009103
2764.31 0.009055
2764.78 0.009007
2765.25 0.008959
2765.73 0.008911
2766.2 0.008862
2766.67 0.008814
2767.15 0.008766
2767.62 0.008718
2768.09 0.00867
2768.57 0.008622
2769.04 0.008574
2769.51 0.008526
2769.99 0.008478
2770.46 0.00843
2770.94 0.008385
2771.41 0.00835
2771.88 0.008314
2772.36 0.008278
2772.83 0.008242
2773.31 0.008207
2773.78 0.008171
2774.25 0.008135
2774.73 0.0081
2775.21 0.008064
2775.68 0.008028
2776.16 0.007993
2776.63 0.007957
2777.1 0.007921
2777.58 0.007885
2778.05 0.00785
2778.53 0.007814
2779.01 0.007778
2779.48 0.007743
2779.96 0.007707
2780.43 0.007671
2780.91 0.007635
2781.38 0.0076
2781.86 0.007566
2782.34 0.007531
2782.81 0.007496
2783.29 0.007461
2783.76 0.007426
2784.24 0.007392
2784.72 0.007357
2785.19 0.007322
2785.67 0.007287
2786.15 0.007253
2786.62 0.007218
2787.1 0.007183
2787.58 0.007148
2788.05 0.007114
2788.53 0.007079
2789.01 0.007044
2789.49 0.007009
2789.96 0.006975
2790.44 0.00694
2790.92 0.006905
2791.4 0.006867
2791.87 0.006829
2792.35 0.00679
2792.83 0.006752
2793.3 0.006714
2793.78 0.006676
2794.26 0.006637
2794.74 0.006599
2795.22 0.006561
2795.7 0.006523
2796.17 0.006485
2796.65 0.006446
2797.13 0.006408
2797.61 0.00637
2798.09 0.006332
2798.57 0.006293
2799.05 0.006255
2799.52 0.006217
2800.0 0.006179
2800.48 0.006143
2800.96 0.006109
2801.44 0.006083
2801.92 0.006056
2802.4 0.006029
2802.88 0.006003
2803.36 0.005976
2803.84 0.005949
2804.32 0.005923
2804.8 0.005896
2805.28 0.005869
2805.76 0.005842
2806.24 0.005816
2806.72 0.005789
2807.2 0.005762
2807.68 0.005735
2808.16 0.005708
2808.64 0.005681
2809.12 0.005654
2809.6 0.005627
2810.08 0.0056
2810.56 0.005573
2811.04 0.005543
2811.52 0.00551
2812.0 0.005476
2812.49 0.005443
2812.97 0.005409
2813.45 0.005376
2813.93 0.005342
2814.41 0.005309
2814.89 0.005275
2815.38 0.005241
2815.86 0.005208
2816.34 0.005174
2816.82 0.00514
2817.3 0.005107
2817.78 0.005073
2818.27 0.005039
2818.75 0.005005
2819.23 0.004972
2819.71 0.004938
2820.2 0.004904
2820.68 0.00487
2821.16 0.00484
2821.64 0.00481
2822.13 0.004781
2822.61 0.004751
2823.09 0.004722
2823.57 0.004692
2824.06 0.004663
2824.54 0.004633
2825.02 0.004604
2825.51 0.004574
2825.99 0.004544
2826.47 0.004515
2826.96 0.004485
2827.44 0.004455
2827.93 0.004426
2828.41 0.004396
2828.89 0.004366
2829.38 0.004336
2829.86 0.004306
2830.34 0.004276
2830.83 0.004246
2831.31 0.004238
2831.8 0.00423
2832.28 0.004222
2832.77 0.004214
2833.25 0.004206
2833.74 0.004198
2834.22 0.00419
2834.71 0.004182
2835.19 0.004174
2835.68 0.004166
2836.16 0.004158
2836.65 0.00415
2837.13 0.004142
2837.62 0.004134
2838.1 0.004126
2838.59 0.004118
2839.07 0.00411
2839.56 0.004102
2840.05 0.004094
2840.53 0.004086
2841.02 0.004072
2841.5 0.004048
2841.99 0.004024
2842.48 0.003999
2842.96 0.003975
2843.45 0.00395
2843.94 0.003926
2844.42 0.003901
2844.91 0.003877
2845.4 0.003852
2845.88 0.003828
2846.37 0.003803
2846.86 0.003779
2847.34 0.003754
2847.83 0.00373
2848.32 0.003705
2848.8 0.00368
2849.29 0.003656
2849.78 0.003631
2850.27 0.003607
2850.76 0.003582
2851.24 0.003569
2851.73 0.00356
2852.22 0.00355
2852.71 0.00354
2853.2 0.00353
2853.68 0.00352
2854.17 0.00351
2854.66 0.0035
2855.15 0.00349
2855.64 0.00348
2856.12 0.00347
2856.61 0.00346
2857.1 0.00345
2857.59 0.00344
2858.08 0.003429
2858.57 0.003419
2859.06 0.003409
2859.55 0.003399
2860.04 0.003389
2860.53 0.003379
2861.02 0.00336
2861.5 0.003327
2862.0 0.003293
2862.49 0.003259
2862.97 0.003225
2863.46 0.003191
2863.95 0.003158
2864.44 0.003124
2864.93 0.00309
2865.43 0.003056
2865.92 0.003022
2866.41 0.002988
2866.9 0.002954
2867.39 0.00292
2867.88 0.002886
2868.37 0.002852
2868.86 0.002818
2869.35 0.002784
2869.84 0.00275
2870.33 0.002716
2870.82 0.002682
2871.31 0.002669
2871.8 0.002658
2872.3 0.002646
2872.79 0.002634
2873.28 0.002622
2873.77 0.00261
2874.26 0.002598
2874.75 0.002586
2875.25 0.002574
2875.74 0.002562
2876.23 0.00255
2876.72 0.002538
2877.21 0.002526
2877.71 0.002514
2878.2 0.002502
2878.69 0.00249
2879.18 0.002478
2879.68 0.002466
2880.17 0.002454
2880.66 0.002442
2881.16 0.002429
2881.65 0.002416
2882.14 0.002403
2882.63 0.00239
2883.13 0.002377
2883.62 0.002364
2884.11 0.002351
2884.61 0.002338
2885.1 0.002325
2885.59 0.002311
2886.09 0.002298
2886.58 0.002285
2887.07 0.002272
2887.57 0.002259
2888.06 0.002246
2888.56 0.002233
2889.05 0.00222
2889.55 0.002207
2890.04 0.002194
2890.53 0.00218
2891.03 0.002169
2891.52 0.002159
2892.02 0.002149
2892.51 0.002139
2893.01 0.002129
2893.5 0.002119
2894.0 0.002109
2894.49 0.002099
2894.99 0.002089
2895.48 0.002079
2895.98 0.002069
2896.48 0.002059
2896.97 0.002049
2897.47 0.002039
2897.96 0.002029
2898.46 0.002019
2898.95 0.002009
2899.45 0.001999
2899.95 0.001989
2900.44 0.001979
2900.94 0.001969
2901.44 0.00196
2901.93 0.001951
2902.43 0.001942
2902.92 0.001933
2903.42 0.001924
2903.92 0.001915
2904.42 0.001905
2904.91 0.001896
2905.41 0.001887
2905.91 0.001878
2906.4 0.001869
2906.9 0.00186
2907.4 0.00185
2907.9 0.001841
2908.39 0.001832
2908.89 0.001823
2909.39 0.001813
2909.89 0.001804
2910.38 0.001795
2910.88 0.001786
2911.38 0.001778
2911.88 0.001771
2912.38 0.001764
2912.87 0.001756
2913.37 0.001749
2913.87 0.001742
2914.37 0.001735
2914.87 0.001727
2915.37 0.00172
2915.86 0.001713
2916.36 0.001705
2916.86 0.001698
2917.36 0.001691
2917.86 0.001683
2918.36 0.001676
2918.86 0.001668
2919.36 0.001661
2919.86 0.001654
2920.36 0.001646
2920.86 0.001639
2921.36 0.001628
2921.86 0.001618
2922.36 0.001607
2922.86 0.001597
2923.36 0.001586
2923.86 0.001575
2924.36 0.001565
2924.86 0.001554
2925.36 0.001543
2925.86 0.001533
2926.36 0.001522
2926.86 0.001511
2927.36 0.0015
2927.86 0.00149
2928.36 0.001479
2928.86 0.001468
2929.36 0.001457
2929.87 0.001446
2930.37 0.001436
2930.87 0.001425
2931.37 0.001419
2931.87 0.001413
2932.37 0.001407
2932.88 0.001401
2933.38 0.001396
2933.88 0.00139
2934.38 0.001384
2934.88 0.001378
2935.39 0.001372
2935.89 0.001366
2936.39 0.00136
2936.89 0.001354
2937.4 0.001348
2937.9 0.001342
2938.4 0.001336
2938.9 0.001331
2939.41 0.001325
2939.91 0.001319
2940.41 0.001313
2940.92 0.001307
2941.42 0.001304
2941.92 0.001301
2942.43 0.001297
2942.93 0.001294
2943.43 0.001291
2943.94 0.001288
2944.44 0.001285
2944.94 0.001281
2945.45 0.001278
2945.95 0.001275
2946.45 0.001272
2946.96 0.001268
2947.46 0.001265
2947.97 0.001262
2948.47 0.001259
2948.98 0.001255
2949.48 0.001252
2949.99 0.001249
2950.49 0.001245
2951.0 0.001241
2951.5 0.001235
2952.0 0.001228
2952.51 0.001222
2953.01 0.001216
2953.52 0.001209
2954.02 0.001203
2954.53 0.001196
2955.04 0.00119
2955.54 0.001183
2956.05 0.001177
2956.55 0.00117
2957.06 0.001164
2957.56 0.001157
2958.07 0.00115
2958.58 0.001144
2959.08 0.001137
2959.59 0.001131
2960.1 0.001124
2960.6 0.001118
2961.11 0.001111
2961.62 0.001105
2962.12 0.001099
2962.63 0.001093
2963.14 0.001087
2963.64 0.00108
2964.15 0.001074
2964.66 0.001068
2965.17 0.001062
2965.67 0.001055
2966.18 0.001049
2966.69 0.001043
2967.19 0.001037
2967.7 0.001031
2968.21 0.001024
2968.72 0.001018
2969.23 0.001012
2969.73 0.001006
2970.24 0.000999
2970.75 0.000993
2971.26 0.000986
2971.77 0.000979
2972.27 0.000972
2972.78 0.000965
2973.29 0.000958
2973.8 0.000951
2974.31 0.000944
2974.82 0.000937
2975.33 0.00093
2975.84 0.000923
2976.35 0.000916
2976.85 0.000909
2977.36 0.000902
2977.87 0.000894
2978.38 0.000887
2978.89 0.00088
2979.4 0.000873
2979.91 0.000866
2980.42 0.000859
2980.93 0.000852
2981.44 0.000849
2981.95 0.000845
2982.46 0.000842
2982.97 0.000838
2983.48 0.000835
2983.99 0.000831
2984.5 0.000828
2985.01 0.000824
2985.52 0.000821
2986.04 0.000817
2986.55 0.000814
2987.06 0.00081
2987.57 0.000807
2988.08 0.000803
2988.59 0.0008
2989.1 0.000796
2989.61 0.000793
2990.13 0.000789
2990.64 0.000786
2991.15 0.000783
2991.66 0.000782
2992.17 0.00078
2992.69 0.000779
2993.2 0.000777
2993.71 0.000776
2994.22 0.000774
2994.73 0.000773
2995.25 0.000772
2995.76 0.00077
2996.27 0.000769
2996.78 0.000767
2997.3 0.000766
2997.81 0.000764
2998.32 0.000763
2998.83 0.000761
2999.35 0.00076
2999.86 0.000758
3000.37 0.000757
3000.89 0.000755
3001.4 0.000749
3001.92 0.000743
3002.43 0.000737
3002.94 0.000731
3003.46 0.000725
3003.97 0.000719
3004.48 0.000713
3005.0 0.000707
3005.51 0.000702
3006.03 0.000696
3006.54 0.00069
3007.05 0.000684
3007.57 0.000678
3008.08 0.000672
3008.6 0.000666
3009.11 0.00066
3009.63 0.000654
3010.14 0.000648
3010.66 0.000642
3011.17 0.000639
3011.69 0.000638
3012.2 0.000637
3012.72 0.000635
3013.23 0.000634
3013.75 0.000633
3014.26 0.000632
3014.78 0.000631
3015.3 0.000629
3015.81 0.000628
3016.33 0.000627
3016.84 0.000626
3017.36 0.000624
3017.88 0.000623
3018.39 0.000622
3018.91 0.000621
3019.43 0.000619
3019.94 0.000618
3020.46 0.000617
3020.98 0.000616
3021.49 0.000616
3022.01 0.000616
3022.53 0.000616
3023.04 0.000616
3023.56 0.000616
3024.08 0.000616
3024.6 0.000616
3025.11 0.000616
3025.63 0.000616
3026.15 0.000616
3026.67 0.000617
3027.19 0.000617
3027.7 0.000617
3028.22 0.000617
3028.74 0.000617
3029.26 0.000617
3029.78 0.000617
3030.29 0.000617
3030.81 0.000617
3031.33 0.000613
3031.85 0.000608
3032.37 0.000604
3032.89 0.000599
3033.41 0.000595
3033.93 0.00059
3034.44 0.000585
3034.96 0.000581
3035.48 0.000576
3036.0 0.000572
3036.52 0.000567
3037.04 0.000563
3037.56 0.000558
3038.08 0.000553
3038.6 0.000549
3039.12 0.000544
3039.64 0.00054
3040.16 0.000535
3040.68 0.00053
3041.2 0.000525
3041.72 0.000519
3042.24 0.000514
3042.76 0.000508
3043.28 0.000502
3043.8 0.000497
3044.32 0.000491
3044.84 0.000485
3045.37 0.000479
3045.89 0.000474
3046.41 0.000468
3046.93 0.000462
3047.45 0.000457
3047.97 0.000451
3048.49 0.000445
3049.01 0.000439
3049.54 0.000434
3050.06 0.000428
3050.58 0.000422
3051.1 0.000419
3051.62 0.000418
3052.15 0.000418
3052.67 0.000417
3053.19 0.000417
3053.71 0.000416
3054.24 0.000416
3054.76 0.000416
3055.28 0.000415
3055.8 0.000415
3056.33 0.000414
3056.85 0.000414
3057.37 0.000414
3057.9 0.000413
3058.42 0.000413
3058.94 0.000412
3059.47 0.000412
3059.99 0.000412
3060.51 0.000411
3061.04 0.000411
3061.56 0.000412
3062.08 0.000412
3062.61 0.000413
3063.13 0.000413
3063.66 0.000414
3064.18 0.000414
3064.7 0.000415
3065.23 0.000415
3065.75 0.000416
3066.28 0.000416
3066.8 0.000417
3067.33 0.000418
3067.85 0.000418
3068.38 0.000419
3068.9 0.000419
3069.43 0.00042
3069.95 0.00042
3070.48 0.000421
3071.0 0.00042
3071.53 0.000416
3072.05 0.000412
3072.58 0.000407
3073.1 0.000403